1881651305
1854636417
-1573216039
1819351738
447456629
-1462937008
1222248942
-1277788347
1628589820
-1625783129
-782372573
132222606
1152969334
1414973066
837992133
-1739043921
1342382872
1208795866
-1680828916
1076271580
-1099810094
556210240
1535853379
1392350711
-548689306
-1013260025
892818124
912041801
2043067953
-188198601
-542493647
-1225273204
1023503941
202757416
-1443394006
1479669996
792732564
-517287360
1808158546
-1997541956
2122170433
553337024
-1478735390
-1569291818
-1325172295
-2010966233
-787871571
519362249
153314427
-1392625070
-72444033
-2141414378
-849520991
646097658
-229700949
1634908352
-857490372
-374751800
1118506523
-393631525
-230538587
-2026464754
1005401297
624967187
-195535829
1338892866
1694247099
1210662373
-2057877447
-1793996206
96481783
-902912861
2020770089
-20177225
535688316
2032771967
1482637363
1917267527
-442965160
1282223734
-1064321967
1492044612
364069356
186313713
1107136523
-1285530277
-614236782
651288949
2101174265
-85545852
-1918649691
-1803031725
630174964
644221463
-1508492277
-1042732630
-1197445766
1666874070
-1104966583
1800973318
-1675934755
1364380056
-53129908
118749937
-1969300121
2042850984
-473859075
-660414873
-146277196
-2030373547
1577359446
-124867931
22065563
787563030
810007892
-34855690
-1609647221
1448726649
1617577227
731383597
266825547
-733272719
-420462755
-826873697
1861334492
-1507295704
-773363321
747257738
1756438622
2113941912
-909455895
1494022807
485114511
931667981
-937836937
1304347873
1083980686
2104612323
1992663979
-1142923247
1990053132
991912122
-2046506608
1401116251
-1129500299
-692309154
-318845203
1415213298
-1825765094
287546871
717830438
-1553262148
928641186
541224096
121587988
790003216
377904984
1013577866
-1128943248
762783947
-1255055751
1405185231
1963316285
-167115735
1895619803
-933616340
2012633054
1613963639
-1779377900
-1824678637
-30956732
959726475
-2011913545
1730964987
-1029986778
-1073651358
1212467373
-399992863
-1342802750
63095083
780717805
1558692276
1451653747
-719059390
-447851251
1136919710
1324933880
2100153980
-1876095856
-1952507721
-976613678
-2055219954
-753974007
-1097038756
-2025653548
555887276
-1782770446
943710563
509243146
601905106
1796589602
-1800680735
-184995800
373192332
1521558134
-422160114
32140920
-1276274601
1557359769
1131057375
1656860828
-973413834
631815284
-1108121425
1084404243
595879252
-886543173
729386244
1595429552
-1458442361
-445695495
907771215
-39840945
807814159
2015458868
152584256
-1115452768
-270286115
1749247799
842694100
524801992
-1052356550
-980577009
2055712
2121208052
686859823
1088468356
-1607121929
1034691644
-710131427
1199954403
-1146525640
-693945889
-103093569
-571431821
1666513796
-1475253414
-1937316007
-1147863138
966484437
-1355877191
1619755998
1447059105
-1991141305
-706848302
-575100348
-584732809
2008941062
1734477518
-595929563
-2076991768
-1669205121
939815202
1521926321
-1205293428
674913838
1688567016
1036986536
680854927
1497472084
-1440317366
-2000316231
1442143161
-1123601202
-652718476
-2040084549
-1698801836
-1586268082
-1281197719
-1620797021
1236859184
-2038457848
287311311
2038456251
-203424160
1530559443
-1368790827
-496404851
-1447652540
-276478107
-320837381
530197476
-482945497
59811234
-1137213553
706470847
-335320565
1616534158
-1472005412
-1653737045
-2019887726
1595761293
-811662654
204736458
-246113515
-1900614608
-1230235509
-713906206
-762853255
-2041285175
-1357444552
1701468123
1636034518
-236769400
1405217970
5343867
1564263115
-667653329
1504855251
1827269397
335423794
-378444287
1921690529
1750747260
-230906540
1758662196
45830730
-1058528154
-1685398665
792467924
1463345696
1308724918
184471743
-2052394168
1368583306
-534065533
1365461063
1016878045
386289569
-840582950
-477939199
1289643190
195927859
1034415851
1623829983
1109896682
795347896
-1809702375
-566448710
-1944843844
-1341639286
-494729152
367511834
-1791229644
1229599044
1345365347
-819062308
-2108119751
26205421
-64167967
562618960
-1400082389
914802007
901289399
-21865773
-1655277077
290497652
1740314214
1745741715
-1059666831
1956438563
1041769816
-1240750724
-1684347096
-1918832719
-480066326
1005365031
-1737394532
-2105578497
1409270626
74582154
504054383
1858369920
841938644
-919847154
712966991
-336553176
-623848740
-2091599771
1138409522
1071741033
-1197608281
-589215481
-208476124
-1151084652
2090632427
202544460
1751350022
600754844
-1320036327
-503385372
-660987816
-606608862
309637036
-1196938879
1837410397
-1362456877
-398487635
360104161
522433626
-666354021
589288098
-377081506
-2024545927
502700977
-1734164336
518382443
-1698765779
-1062425599
1203258983
-1137874344
-1383306018
1674973674
1136738954
2126898654
-662731677
1895844683
1680633916
-523449137
334326937
-148070275
248566967
-1319238574
965669730
1336474793
-2084861744
-603225691
-2064040870
-1473232433
2134831439
1561202923
1013811216
140149545
-103415058
713334319
1620793599
-663584111
2125676644
2072725690
1007005871
-2040912360
1450408037
1863317550
524194703
-1876413887
1476311256
1897291745
1410239922
415526080
-1460745814
1284177994
-47886378
-867325164
153436803
338743338
-1886608059
1991136927
443382800
-169557596
-371782400
-114210162
-2000419613
2051264406
1550971448
-619860340
-1802324558
-661060119
-1772071191
-1161857999
-25340800
-344951221
1666598757
-325236250
-230269437
-1652342324
494658382
-1131577157
-701412288
-901180284
169036534
-425191285
2091083064
-429475834
1625716456
25253008
-1231323493
-1754639802
-1296745542
2011603871
-817052663
1471807389
-503766077
-566075569
-1848047410
1585058942
-274015912
865407369
625996757
933551058
2051983980
1270896650
-278610024
-139707778
1202239859
-813587232
1771129654
-867787601
-731481641
1826855863
-1983491355
-1472657337
-131199108
-349581092
391859510
647758521
816422213
961971574
-355176986
1238697305
603782429
9222799
-726320522
1969711824
-2036518601
1514815314
-878338471
1619788129
-1004386247
-1711120911
-689458417
-424958948
-788104475
1018186907
1203942280
-1909810370
-1092076219
1151766448
555151530
-527433950
2023807497
-1174556281
-2037800621
-1376935119
745328796
1919777443
-197550776
-953734836
829192513
1787639893
1716836147
507613453
-565495771
-1447682428
-1692321357
113605371
-1003905911
55951749
1211277187
-1757171460
1519891725
-1542842558
301272229
1880346592
671515321
-1403617853
456134171
-2046203044
784246719
1532787973
1702719434
-838889343
-1527802974
-957512609
-1608831500
212385216
829067542
-795746138
703736860
1330312323
-1206567015
-1039052942
1285743434
-282389756
-1974960430
1854057569
-1112715188
-91423071
-180852246
185485508
-1168620242
-475520024
-1892392766
639499098
2050710911
1769921982
489796823
-33085185
-476788778
1420890119
2046292582
-1751701565
1362599
1616517949
-880814213
1131762282
-975160323
-986973212
1878534125
-1710945314
-1976706903
1129131589
1967960334
125063892
2141803410
1423213050
-1288925361
1830295128
1433291759
-1011042720
-476884842
1949557733
1024641786
816796590
466016611
1587554353
-1216150343
-213752316
-1180518732
-1727686984
-1610355533
-1522432559
-552935566
883507057
-2004199266
-1105035257
64056910
1652103930
8397792
-1428599365
-379053684
-282080233
1695639106
1603237780
792271336
594425469
-254092223
-1218886997
941778005
-373149181
-195880
629032082
2032424530
958337146
-286404038
1023168237
-1160036289
-1385683722
1647573400
1664788955
11224043
1796134571
-2142310899
74784818
1362788617
1412493773
642285745
1151384491
-714186624
559349986
-1328195238
757985555
-699636343
917923254
-1255163396
-742366167
-1770468614
68590069
-1851622690
-1858067170
453703431
-1346019259
2030581458
149222365
212899026
-170257175
-1997194893
523215989
956368840
-1787846573
1667935879
-324574490
-886501549
1931521761
78589204
-446194658
1112608003
1276604737
-499880855
839511674
-436293989
943495357
-1830352249
-1161969951
1917381605
1913871288
-1797366429
-170851007
835552092
1156536204
-2006268244
-381378359
1645796822
-920445411
-1801722857
-704579528
126364408
996309464
-93009138
79464190
-2035574349
-1519693819
-2106545522
-2121239254
273665565
978213535
1725039585
700700563
676526348
2092025835
-441658765
1665322551
1856308008
-1331630570
-507197345
681305625
-1557367235
721198715
-999568285
2076551582
-1901404278
-398883341
-1491245527
-1221563674
728607477
-1907021908
1200270365
986476847
-1547798469
-466290344
-627779087
1618145299
1884225118
-2073582947
-1785017167
-2044017979
187054576
-1227745633
86360857
-1384879423
1896563100
-1857102375
1158000148
841570851
2013228972
821424296
370438462
2082854256
84667230
-1195912842
1536125660
-2141424552
1829279508
-981502638
-718455715
-1604580965
1537689832
-1859355727
-146873824
960332716
1645274357
1105657727
-1072743043
-157275707
-782569623
885245916
881471902
2081790645
-1488963175
95283586
1974029209
449791351
1794493309
-745353897
-1732527394
550210413
-1694949883
-685703343
1921486064
1364495675
1937720657
-1653120323
-1354252033
-994254846
794389965
552202290
-1329936813
-1500842934
771967220
-1206045858
1473310900
-713882909
1335848993
-1073268685
-899739098
724057090
204839425
2048452918
756775904
1379184214
1630719248
-1579906862
1940144030
-499778988
-1655898821
-565824433
620757860
-1351748192
-928151399
192313004
348652897
-1080070866
-559146457
1966650858
1047297508
2101713766
-410109073
1887045366
366823350
-1349404870
-1682304434
392436026
2074187837
-1847198768
706206679
-83003262
-1454147603
2102911476
-2142706235
76247836
1908567083
1723473729
-400460294
-2147467550
-228243579
1519246559
-1215613216
938047012
885561844
92601401
-1745554807
-1635962081
-1424796545
-964861579
2139614197
73040424
-1771516410
1177095900
292805778
1529916054
15033496
433292975
756576235
956555882
215734969
-1718069603
1099063106
-904171089
1504509740
933853153
-495070206
1651635065
-1748198540
256948575
438733261
-606801940
-478881053
-615220134
-331152728
-1106092222
567696743
935915893
-1554925931
916248377
647775810
882299125
-1784251171
-345953382
931190394
-1889652733
1189345732
-205262907
648117669
1737587138
-1098314950
-1556437584
1863927165
-224141746
-1062652394
514566118
2142429956
-1590056196
-1233498777
-1462622389
1214240403
786429978
-273773960
1947838712
-1816478776
494066946
192868966
566972562
94535235
1006233870
-483293386
-885305046
-451978784
1001618672
-559522374
-30726134
1203064616
1486307850
1430218476
634106097
-1819980942
-1075446031
1674420300
-2063060728
-645172834
-161040512
-1337961090
427105547
1187324618
618515113
86028662
-930840096
-1226045917
1518788393
-982966798
-1275736597
-1687077612
-881853912
-1647801593
711101916
178411131
-988644203
1249468597
-1608477160
-960978506
-482044383
-1983693386
1071537496
196779659
1251971076
1321925554
1460505987
-917791099
-251712597
1120812556
-1729393174
275801085
2107076885
123329064
-817691757
-941493580
846591108
1001948992
1759078407
-1669774041
530391612
1685587907
1492453422
337800335
1584104136
1177604460
1113514536
548315208
1637388694
-1424530390
-1219825634
-61371109
