2.142429956000000000e+09
2.141803410000000000e+09
2.139614197000000000e+09
2.134831439000000000e+09
2.126898654000000000e+09
2.125676644000000000e+09
2.122170433000000000e+09
2.121208052000000000e+09
2.113941912000000000e+09
2.107076885000000000e+09
2.104612323000000000e+09
2.102911476000000000e+09
2.101713766000000000e+09
2.101174265000000000e+09
2.100153980000000000e+09
2.092025835000000000e+09
2.091083064000000000e+09
2.090632427000000000e+09
2.082854256000000000e+09
2.081790645000000000e+09
2.076551582000000000e+09
2.074187837000000000e+09
2.072725690000000000e+09
2.051983980000000000e+09
2.051264406000000000e+09
2.050710911000000000e+09
2.048452918000000000e+09
2.046292582000000000e+09
2.043067953000000000e+09
2.042850984000000000e+09
2.038456251000000000e+09
2.032771967000000000e+09
2.032424530000000000e+09
2.030581458000000000e+09
2.023807497000000000e+09
2.020770089000000000e+09
2.015458868000000000e+09
2.013228972000000000e+09
2.012633054000000000e+09
2.011603871000000000e+09
2.008941062000000000e+09
1.992663979000000000e+09
1.991136927000000000e+09
1.990053132000000000e+09
1.974029209000000000e+09
1.969711824000000000e+09
1.967960334000000000e+09
1.966650858000000000e+09
1.963316285000000000e+09
1.956438563000000000e+09
1.949557733000000000e+09
1.947838712000000000e+09
1.940144030000000000e+09
1.937720657000000000e+09
1.931521761000000000e+09
1.921690529000000000e+09
1.921486064000000000e+09
1.919777443000000000e+09
1.917381605000000000e+09
1.917267527000000000e+09
1.913871288000000000e+09
1.908567083000000000e+09
1.897291745000000000e+09
1.896563100000000000e+09
1.895844683000000000e+09
1.895619803000000000e+09
1.887045366000000000e+09
1.884225118000000000e+09
1.881651305000000000e+09
1.880346592000000000e+09
1.878534125000000000e+09
1.863927165000000000e+09
1.863317550000000000e+09
1.861334492000000000e+09
1.858369920000000000e+09
1.856308008000000000e+09
1.854636417000000000e+09
1.854057569000000000e+09
1.837410397000000000e+09
1.830295128000000000e+09
1.829279508000000000e+09
1.827269397000000000e+09
1.826855863000000000e+09
1.819351738000000000e+09
1.808158546000000000e+09
1.800973318000000000e+09
1.796589602000000000e+09
1.796134571000000000e+09
1.794493309000000000e+09
1.787639893000000000e+09
1.771129654000000000e+09
1.769921982000000000e+09
1.759078407000000000e+09
1.758662196000000000e+09
1.756438622000000000e+09
1.751350022000000000e+09
1.750747260000000000e+09
1.749247799000000000e+09
1.745741715000000000e+09
1.740314214000000000e+09
1.737587138000000000e+09
1.734477518000000000e+09
1.730964987000000000e+09
1.725039585000000000e+09
1.723473729000000000e+09
1.716836147000000000e+09
1.702719434000000000e+09
1.701468123000000000e+09
1.695639106000000000e+09
1.694247099000000000e+09
1.688567016000000000e+09
1.685587907000000000e+09
1.680633916000000000e+09
1.674973674000000000e+09
1.674420300000000000e+09
1.667935879000000000e+09
1.666874070000000000e+09
1.666598757000000000e+09
1.666513796000000000e+09
1.665322551000000000e+09
1.664788955000000000e+09
1.656860828000000000e+09
1.652103930000000000e+09
1.651635065000000000e+09
1.647573400000000000e+09
1.645796822000000000e+09
1.645274357000000000e+09
1.637388694000000000e+09
1.636034518000000000e+09
1.634908352000000000e+09
1.630719248000000000e+09
1.628589820000000000e+09
1.625716456000000000e+09
1.623829983000000000e+09
1.620793599000000000e+09
1.619788129000000000e+09
1.619755998000000000e+09
1.618145299000000000e+09
1.617577227000000000e+09
1.616534158000000000e+09
1.616517949000000000e+09
1.613963639000000000e+09
1.603237780000000000e+09
1.595761293000000000e+09
1.595429552000000000e+09
1.587554353000000000e+09
1.585058942000000000e+09
1.584104136000000000e+09
1.577359446000000000e+09
1.564263115000000000e+09
1.561202923000000000e+09
1.558692276000000000e+09
1.557359769000000000e+09
1.550971448000000000e+09
1.537689832000000000e+09
1.536125660000000000e+09
1.535853379000000000e+09
1.532787973000000000e+09
1.530559443000000000e+09
1.529916054000000000e+09
1.521926321000000000e+09
1.521558134000000000e+09
1.519891725000000000e+09
1.519246559000000000e+09
1.518788393000000000e+09
1.514815314000000000e+09
1.504855251000000000e+09
1.504509740000000000e+09
1.497472084000000000e+09
1.494022807000000000e+09
1.492453422000000000e+09
1.492044612000000000e+09
1.486307850000000000e+09
1.482637363000000000e+09
1.479669996000000000e+09
1.476311256000000000e+09
1.473310900000000000e+09
1.471807389000000000e+09
1.463345696000000000e+09
1.460505987000000000e+09
1.451653747000000000e+09
1.450408037000000000e+09
1.448726649000000000e+09
1.447059105000000000e+09
1.442143161000000000e+09
1.433291759000000000e+09
1.430218476000000000e+09
1.423213050000000000e+09
1.420890119000000000e+09
1.415213298000000000e+09
1.414973066000000000e+09
1.412493773000000000e+09
1.410239922000000000e+09
1.409270626000000000e+09
1.405217970000000000e+09
1.405185231000000000e+09
1.401116251000000000e+09
1.392350711000000000e+09
1.379184214000000000e+09
1.368583306000000000e+09
1.365461063000000000e+09
1.364495675000000000e+09
1.364380056000000000e+09
1.362788617000000000e+09
1.345365347000000000e+09
1.342382872000000000e+09
1.338892866000000000e+09
1.336474793000000000e+09
1.335848993000000000e+09
1.330312323000000000e+09
1.324933880000000000e+09
1.321925554000000000e+09
1.308724918000000000e+09
1.304347873000000000e+09
1.289643190000000000e+09
1.285743434000000000e+09
1.284177994000000000e+09
1.282223734000000000e+09
1.276604737000000000e+09
1.270896650000000000e+09
1.251971076000000000e+09
1.249468597000000000e+09
1.238697305000000000e+09
1.236859184000000000e+09
1.229599044000000000e+09
1.222248942000000000e+09
1.214240403000000000e+09
1.212467373000000000e+09
1.211277187000000000e+09
1.210662373000000000e+09
1.208795866000000000e+09
1.203942280000000000e+09
1.203258983000000000e+09
1.203064616000000000e+09
1.202239859000000000e+09
1.200270365000000000e+09
1.199954403000000000e+09
1.189345732000000000e+09
1.187324618000000000e+09
1.177604460000000000e+09
1.177095900000000000e+09
1.158000148000000000e+09
1.156536204000000000e+09
1.152969334000000000e+09
1.151766448000000000e+09
1.151384491000000000e+09
1.138409522000000000e+09
1.136919710000000000e+09
1.136738954000000000e+09
1.131762282000000000e+09
1.131057375000000000e+09
1.129131589000000000e+09
1.120812556000000000e+09
1.118506523000000000e+09
1.113514536000000000e+09
1.112608003000000000e+09
1.109896682000000000e+09
1.107136523000000000e+09
1.105657727000000000e+09
1.099063106000000000e+09
1.088468356000000000e+09
1.084404243000000000e+09
1.083980686000000000e+09
1.076271580000000000e+09
1.071741033000000000e+09
1.071537496000000000e+09
1.047297508000000000e+09
1.041769816000000000e+09
1.036986536000000000e+09
1.034691644000000000e+09
1.034415851000000000e+09
1.024641786000000000e+09
1.023503941000000000e+09
1.023168237000000000e+09
1.018186907000000000e+09
1.016878045000000000e+09
1.013811216000000000e+09
1.013577866000000000e+09
1.007005871000000000e+09
1.006233870000000000e+09
1.005401297000000000e+09
1.005365031000000000e+09
1.001948992000000000e+09
1.001618672000000000e+09
9.963094640000000000e+08
9.919121220000000000e+08
9.864768470000000000e+08
9.782135350000000000e+08
9.664844370000000000e+08
9.656697300000000000e+08
9.619715740000000000e+08
9.603327160000000000e+08
9.597264750000000000e+08
9.583371460000000000e+08
9.565558820000000000e+08
9.563688400000000000e+08
9.437105630000000000e+08
9.434953570000000000e+08
9.417780050000000000e+08
9.398152020000000000e+08
9.380470120000000000e+08
9.359158930000000000e+08
9.338531530000000000e+08
9.335510580000000000e+08
9.316679810000000000e+08
9.311903940000000000e+08
9.286411860000000000e+08
9.179232540000000000e+08
9.162483770000000000e+08
9.148020070000000000e+08
9.120418010000000000e+08
9.077712150000000000e+08
9.012893990000000000e+08
8.928181240000000000e+08
8.855618440000000000e+08
8.852459160000000000e+08
8.835070570000000000e+08
8.822991250000000000e+08
8.814719020000000000e+08
8.654073690000000000e+08
8.465911080000000000e+08
8.426941000000000000e+08
8.419386440000000000e+08
8.415708510000000000e+08
8.395116740000000000e+08
8.379921330000000000e+08
8.355520920000000000e+08
8.291925130000000000e+08
8.290675420000000000e+08
8.214242960000000000e+08
8.167965900000000000e+08
8.164222130000000000e+08
8.100078920000000000e+08
8.078141590000000000e+08
7.953478960000000000e+08
7.943899650000000000e+08
7.927325640000000000e+08
7.924679240000000000e+08
7.922713360000000000e+08
7.900032160000000000e+08
7.875630300000000000e+08
7.864299780000000000e+08
7.842467190000000000e+08
7.807178050000000000e+08
7.719672200000000000e+08
7.627839470000000000e+08
7.579855550000000000e+08
7.567759040000000000e+08
7.565762350000000000e+08
7.472577380000000000e+08
7.453287960000000000e+08
7.313835970000000000e+08
7.293862440000000000e+08
7.286074770000000000e+08
7.240570900000000000e+08
7.211987150000000000e+08
7.178304380000000000e+08
7.133343190000000000e+08
7.129669910000000000e+08
7.111019160000000000e+08
7.064708470000000000e+08
7.062066790000000000e+08
7.037368600000000000e+08
7.007005630000000000e+08
6.868598230000000000e+08
6.813056250000000000e+08
6.808549270000000000e+08
6.765263480000000000e+08
6.749138380000000000e+08
6.715153210000000000e+08
6.512889490000000000e+08
6.481176690000000000e+08
6.477758100000000000e+08
6.477585210000000000e+08
6.460976580000000000e+08
6.442214630000000000e+08
6.422857450000000000e+08
6.394990980000000000e+08
6.341060970000000000e+08
6.318152840000000000e+08
6.301749640000000000e+08
6.290320820000000000e+08
6.259967570000000000e+08
6.249671870000000000e+08
6.207578600000000000e+08
6.185151130000000000e+08
6.037824290000000000e+08
6.019051060000000000e+08
6.007548440000000000e+08
5.958792520000000000e+08
5.944254690000000000e+08
5.892880980000000000e+08
5.676967430000000000e+08
5.669725620000000000e+08
5.626189600000000000e+08
5.593499860000000000e+08
5.562102400000000000e+08
5.558872760000000000e+08
5.551515300000000000e+08
5.533370240000000000e+08
5.522022900000000000e+08
5.502104130000000000e+08
5.483152080000000000e+08
5.412240960000000000e+08
5.356883160000000000e+08
5.303916120000000000e+08
5.301974760000000000e+08
5.248019920000000000e+08
5.241947030000000000e+08
5.232159890000000000e+08
5.224336260000000000e+08
5.193622490000000000e+08
5.183824430000000000e+08
5.145661180000000000e+08
5.092431460000000000e+08
5.076134530000000000e+08
5.040543830000000000e+08
5.027009770000000000e+08
4.946583820000000000e+08
4.940669460000000000e+08
4.897968230000000000e+08
4.851145110000000000e+08
4.660166110000000000e+08
4.561341710000000000e+08
4.537034310000000000e+08
4.497913510000000000e+08
4.474566290000000000e+08
4.433828000000000000e+08
4.387332610000000000e+08
4.332929750000000000e+08
4.271055470000000000e+08
4.155260800000000000e+08
3.924360260000000000e+08
3.918595100000000000e+08
3.862895690000000000e+08
3.779049840000000000e+08
3.731923320000000000e+08
3.704384620000000000e+08
3.675118340000000000e+08
3.668233500000000000e+08
3.640693560000000000e+08
3.601041610000000000e+08
3.486528970000000000e+08
3.387433380000000000e+08
3.378003350000000000e+08
3.354237940000000000e+08
3.343269370000000000e+08
3.096370360000000000e+08
3.012722290000000000e+08
2.928057780000000000e+08
2.904976520000000000e+08
2.875468710000000000e+08
2.873113110000000000e+08
2.758010850000000000e+08
2.736655650000000000e+08
2.668255470000000000e+08
2.569485750000000000e+08
2.485669670000000000e+08
2.157349690000000000e+08
2.128990260000000000e+08
2.123852160000000000e+08
2.048394250000000000e+08
2.047364580000000000e+08
2.027574160000000000e+08
2.025444600000000000e+08
1.967796590000000000e+08
1.959278590000000000e+08
1.928689660000000000e+08
1.923130040000000000e+08
1.870545760000000000e+08
1.863137130000000000e+08
1.854855080000000000e+08
1.844717430000000000e+08
1.784111310000000000e+08
1.690365340000000000e+08
1.534368030000000000e+08
1.533144270000000000e+08
1.525842560000000000e+08
1.492223650000000000e+08
1.401495450000000000e+08
1.322226060000000000e+08
1.263644080000000000e+08
1.250638920000000000e+08
1.233290640000000000e+08
1.215879880000000000e+08
1.187499370000000000e+08
1.136053710000000000e+08
9.648178300000000000e+07
9.528358600000000000e+07
9.453523500000000000e+07
9.260140100000000000e+07
8.636085700000000000e+07
8.602866200000000000e+07
8.466723000000000000e+07
7.946419000000000000e+07
7.858920400000000000e+07
7.624783600000000000e+07
7.478481800000000000e+07
7.458215400000000000e+07
7.304042400000000000e+07
6.859006900000000000e+07
6.405691000000000000e+07
6.309508300000000000e+07
5.981123400000000000e+07
5.595174900000000000e+07
4.583073000000000000e+07
3.214092000000000000e+07
2.620542100000000000e+07
2.525300800000000000e+07
2.206556300000000000e+07
1.503349600000000000e+07
1.122404300000000000e+07
9.222799000000000000e+06
8.397792000000000000e+06
5.343867000000000000e+06
2.055712000000000000e+06
1.362599000000000000e+06
-1.958800000000000000e+05
-2.017722500000000000e+07
-2.186577300000000000e+07
-2.534080000000000000e+07
-3.072613400000000000e+07
-3.095673200000000000e+07
-3.308518500000000000e+07
-3.485569000000000000e+07
-3.984094500000000000e+07
-4.788637800000000000e+07
-5.312990800000000000e+07
-6.137110900000000000e+07
-6.416796700000000000e+07
-7.244403300000000000e+07
-8.300326200000000000e+07
-8.554585200000000000e+07
-9.142307100000000000e+07
-9.300913800000000000e+07
-1.030935690000000000e+08
-1.034150580000000000e+08
-1.142101620000000000e+08
-1.248679310000000000e+08
-1.311991080000000000e+08
-1.397077780000000000e+08
-1.462771960000000000e+08
-1.468738240000000000e+08
-1.480702750000000000e+08
-1.572757070000000000e+08
-1.610405120000000000e+08
-1.671157350000000000e+08
-1.695575960000000000e+08
-1.702571750000000000e+08
-1.708510070000000000e+08
-1.808522460000000000e+08
-1.849958000000000000e+08
-1.881986010000000000e+08
-1.955358290000000000e+08
-1.975507760000000000e+08
-2.034241600000000000e+08
-2.052629070000000000e+08
-2.084761240000000000e+08
-2.137523160000000000e+08
-2.241417460000000000e+08
-2.282435790000000000e+08
-2.297009490000000000e+08
-2.302694370000000000e+08
-2.305385870000000000e+08
-2.309065400000000000e+08
-2.367694000000000000e+08
-2.461135150000000000e+08
-2.517125970000000000e+08
-2.540922230000000000e+08
-2.702861150000000000e+08
-2.737739600000000000e+08
-2.740159120000000000e+08
-2.764781070000000000e+08
-2.786100240000000000e+08
-2.820802330000000000e+08
-2.823897560000000000e+08
-2.864040380000000000e+08
-3.188452030000000000e+08
-3.208373810000000000e+08
-3.245744900000000000e+08
-3.252362500000000000e+08
-3.311527280000000000e+08
-3.353205650000000000e+08
-3.365531760000000000e+08
-3.449512210000000000e+08
-3.459533820000000000e+08
-3.495810920000000000e+08
-3.551769860000000000e+08
-3.717824000000000000e+08
-3.731491810000000000e+08
-3.747518000000000000e+08
-3.770815060000000000e+08
-3.784442870000000000e+08
-3.790536840000000000e+08
-3.813783590000000000e+08
-3.936315250000000000e+08
-3.984876350000000000e+08
-3.988833410000000000e+08
-3.999928630000000000e+08
-4.004602940000000000e+08
-4.101090730000000000e+08
-4.204627550000000000e+08
-4.221601140000000000e+08
-4.249589480000000000e+08
-4.251912850000000000e+08
-4.294758340000000000e+08
-4.362939890000000000e+08
-4.416587650000000000e+08
-4.429651600000000000e+08
-4.456954950000000000e+08
-4.461946580000000000e+08
-4.478512510000000000e+08
-4.519787840000000000e+08
-4.662903440000000000e+08
-4.738590750000000000e+08
-4.755200240000000000e+08
-4.767887780000000000e+08
-4.768848420000000000e+08
-4.779391990000000000e+08
-4.788810530000000000e+08
-4.800663260000000000e+08
-4.820443830000000000e+08
-4.829454970000000000e+08
-4.832933860000000000e+08
-4.947291520000000000e+08
-4.950702060000000000e+08
-4.964048510000000000e+08
-4.997789880000000000e+08
-4.998808550000000000e+08
-5.033853720000000000e+08
-5.037660770000000000e+08
-5.071973450000000000e+08
-5.172873600000000000e+08
-5.234491370000000000e+08
-5.274339500000000000e+08
-5.340655330000000000e+08
-5.424936470000000000e+08
-5.486893060000000000e+08
-5.529355660000000000e+08
-5.591464570000000000e+08
-5.595223740000000000e+08
-5.654957710000000000e+08
-5.658244330000000000e+08
-5.660755690000000000e+08
-5.664487100000000000e+08
-5.714318210000000000e+08
-5.751003480000000000e+08
-5.847328090000000000e+08
-5.892154810000000000e+08
-5.959295630000000000e+08
-6.032256910000000000e+08
-6.066088620000000000e+08
-6.068019400000000000e+08
-6.142367820000000000e+08
-6.152201340000000000e+08
-6.198603400000000000e+08
-6.238487400000000000e+08
-6.277790870000000000e+08
-6.451728340000000000e+08
-6.527184760000000000e+08
-6.604148730000000000e+08
-6.609878160000000000e+08
-6.610601190000000000e+08
-6.627316770000000000e+08
-6.635841110000000000e+08
-6.663540210000000000e+08
-6.676533290000000000e+08
-6.857033430000000000e+08
-6.894584170000000000e+08
-6.923091540000000000e+08
-6.939458890000000000e+08
-6.996363430000000000e+08
-7.014122880000000000e+08
-7.045795280000000000e+08
-7.068483020000000000e+08
-7.101314270000000000e+08
-7.138829090000000000e+08
-7.139062060000000000e+08
-7.141866240000000000e+08
-7.184557150000000000e+08
-7.190593900000000000e+08
-7.263205220000000000e+08
-7.314816410000000000e+08
-7.332727190000000000e+08
-7.423661670000000000e+08
-7.453538970000000000e+08
-7.539740070000000000e+08
-7.628532550000000000e+08
-7.733633210000000000e+08
-7.823725730000000000e+08
-7.825696230000000000e+08
-7.878715710000000000e+08
-7.881044750000000000e+08
-7.957461380000000000e+08
-8.116626540000000000e+08
-8.135872320000000000e+08
-8.170526630000000000e+08
-8.176917570000000000e+08
-8.190623080000000000e+08
-8.268736970000000000e+08
-8.388893430000000000e+08
-8.405829500000000000e+08
-8.495209910000000000e+08
-8.574903720000000000e+08
-8.673251640000000000e+08
-8.677876010000000000e+08
-8.783384710000000000e+08
-8.808142130000000000e+08
-8.818539120000000000e+08
-8.853050460000000000e+08
-8.865015490000000000e+08
-8.865431730000000000e+08
-8.997390980000000000e+08
-9.011802840000000000e+08
-9.029128610000000000e+08
-9.041710890000000000e+08
-9.094558950000000000e+08
-9.177910990000000000e+08
-9.198471540000000000e+08
-9.204454110000000000e+08
-9.281513990000000000e+08
-9.308400960000000000e+08
-9.336163400000000000e+08
-9.378369370000000000e+08
-9.414935800000000000e+08
-9.537348360000000000e+08
-9.575126090000000000e+08
-9.609785060000000000e+08
-9.648615790000000000e+08
-9.734138340000000000e+08
-9.751603230000000000e+08
-9.766136780000000000e+08
-9.805770090000000000e+08
-9.815026380000000000e+08
-9.829667980000000000e+08
-9.869732120000000000e+08
-9.886442030000000000e+08
-9.942548460000000000e+08
-9.995682850000000000e+08
-1.003905911000000000e+09
-1.004386247000000000e+09
-1.011042720000000000e+09
-1.013260025000000000e+09
-1.029986778000000000e+09
-1.039052942000000000e+09
-1.042732630000000000e+09
-1.052356550000000000e+09
-1.058528154000000000e+09
-1.059666831000000000e+09
-1.062425599000000000e+09
-1.062652394000000000e+09
-1.064321967000000000e+09
-1.072743043000000000e+09
-1.073268685000000000e+09
-1.073651358000000000e+09
-1.075446031000000000e+09
-1.080070866000000000e+09
-1.092076219000000000e+09
-1.097038756000000000e+09
-1.098314950000000000e+09
-1.099810094000000000e+09
-1.104966583000000000e+09
-1.105035257000000000e+09
-1.106092222000000000e+09
-1.108121425000000000e+09
-1.112715188000000000e+09
-1.115452768000000000e+09
-1.123601202000000000e+09
-1.128943248000000000e+09
-1.129500299000000000e+09
-1.131577157000000000e+09
-1.137213553000000000e+09
-1.137874344000000000e+09
-1.142923247000000000e+09
-1.146525640000000000e+09
-1.147863138000000000e+09
-1.151084652000000000e+09
-1.160036289000000000e+09
-1.161857999000000000e+09
-1.161969951000000000e+09
-1.168620242000000000e+09
-1.174556281000000000e+09
-1.180518732000000000e+09
-1.195912842000000000e+09
-1.196938879000000000e+09
-1.197445766000000000e+09
-1.197608281000000000e+09
-1.205293428000000000e+09
-1.206045858000000000e+09
-1.206567015000000000e+09
-1.215613216000000000e+09
-1.216150343000000000e+09
-1.218886997000000000e+09
-1.219825634000000000e+09
-1.221563674000000000e+09
-1.225273204000000000e+09
-1.226045917000000000e+09
-1.227745633000000000e+09
-1.230235509000000000e+09
-1.231323493000000000e+09
-1.233498777000000000e+09
-1.240750724000000000e+09
-1.255055751000000000e+09
-1.255163396000000000e+09
-1.275736597000000000e+09
-1.276274601000000000e+09
-1.277788347000000000e+09
-1.281197719000000000e+09
-1.285530277000000000e+09
-1.288925361000000000e+09
-1.296745542000000000e+09
-1.319238574000000000e+09
-1.320036327000000000e+09
-1.325172295000000000e+09
-1.328195238000000000e+09
-1.329936813000000000e+09
-1.331630570000000000e+09
-1.337961090000000000e+09
-1.341639286000000000e+09
-1.342802750000000000e+09
-1.346019259000000000e+09
-1.349404870000000000e+09
-1.351748192000000000e+09
-1.354252033000000000e+09
-1.355877191000000000e+09
-1.357444552000000000e+09
-1.362456877000000000e+09
-1.368790827000000000e+09
-1.376935119000000000e+09
-1.383306018000000000e+09
-1.384879423000000000e+09
-1.385683722000000000e+09
-1.392625070000000000e+09
-1.400082389000000000e+09
-1.403617853000000000e+09
-1.424530390000000000e+09
-1.424796545000000000e+09
-1.428599365000000000e+09
-1.440317366000000000e+09
-1.443394006000000000e+09
-1.447652540000000000e+09
-1.447682428000000000e+09
-1.454147603000000000e+09
-1.458442361000000000e+09
-1.460745814000000000e+09
-1.462622389000000000e+09
-1.462937008000000000e+09
-1.472005412000000000e+09
-1.472657337000000000e+09
-1.473232433000000000e+09
-1.475253414000000000e+09
-1.478735390000000000e+09
-1.488963175000000000e+09
-1.491245527000000000e+09
-1.500842934000000000e+09
-1.507295704000000000e+09
-1.508492277000000000e+09
-1.519693819000000000e+09
-1.522432559000000000e+09
-1.527802974000000000e+09
-1.542842558000000000e+09
-1.547798469000000000e+09
-1.553262148000000000e+09
-1.554925931000000000e+09
-1.556437584000000000e+09
-1.557367235000000000e+09
-1.569291818000000000e+09
-1.573216039000000000e+09
-1.579906862000000000e+09
-1.586268082000000000e+09
-1.590056196000000000e+09
-1.604580965000000000e+09
-1.607121929000000000e+09
-1.608477160000000000e+09
-1.608831500000000000e+09
-1.609647221000000000e+09
-1.610355533000000000e+09
-1.620797021000000000e+09
-1.625783129000000000e+09
-1.635962081000000000e+09
-1.647801593000000000e+09
-1.652342324000000000e+09
-1.653120323000000000e+09
-1.653737045000000000e+09
-1.655277077000000000e+09
-1.655898821000000000e+09
-1.669205121000000000e+09
-1.669774041000000000e+09
-1.675934755000000000e+09
-1.680828916000000000e+09
-1.682304434000000000e+09
-1.684347096000000000e+09
-1.685398665000000000e+09
-1.687077612000000000e+09
-1.692321357000000000e+09
-1.694949883000000000e+09
-1.698765779000000000e+09
-1.698801836000000000e+09
-1.710945314000000000e+09
-1.711120911000000000e+09
-1.718069603000000000e+09
-1.727686984000000000e+09
-1.729393174000000000e+09
-1.732527394000000000e+09
-1.734164336000000000e+09
-1.737394532000000000e+09
-1.739043921000000000e+09
-1.745554807000000000e+09
-1.748198540000000000e+09
-1.751701565000000000e+09
-1.754639802000000000e+09
-1.757171460000000000e+09
-1.770468614000000000e+09
-1.771516410000000000e+09
-1.772071191000000000e+09
-1.779377900000000000e+09
-1.782770446000000000e+09
-1.784251171000000000e+09
-1.785017167000000000e+09
-1.787846573000000000e+09
-1.791229644000000000e+09
-1.793996206000000000e+09
-1.797366429000000000e+09
-1.800680735000000000e+09
-1.801722857000000000e+09
-1.802324558000000000e+09
-1.803031725000000000e+09
-1.809702375000000000e+09
-1.816478776000000000e+09
-1.819980942000000000e+09
-1.824678637000000000e+09
-1.825765094000000000e+09
-1.830352249000000000e+09
-1.847198768000000000e+09
-1.848047410000000000e+09
-1.851622690000000000e+09
-1.857102375000000000e+09
-1.858067170000000000e+09
-1.859355727000000000e+09
-1.876095856000000000e+09
-1.876413887000000000e+09
-1.886608059000000000e+09
-1.889652733000000000e+09
-1.892392766000000000e+09
-1.900614608000000000e+09
-1.901404278000000000e+09
-1.907021908000000000e+09
-1.909810370000000000e+09
-1.918649691000000000e+09
-1.918832719000000000e+09
-1.937316007000000000e+09
-1.944843844000000000e+09
-1.952507721000000000e+09
-1.969300121000000000e+09
-1.974960430000000000e+09
-1.976706903000000000e+09
-1.983491355000000000e+09
-1.983693386000000000e+09
-1.991141305000000000e+09
-1.997194893000000000e+09
-1.997541956000000000e+09
-2.000316231000000000e+09
-2.000419613000000000e+09
-2.004199266000000000e+09
-2.006268244000000000e+09
-2.010966233000000000e+09
-2.011913545000000000e+09
-2.019887726000000000e+09
-2.024545927000000000e+09
-2.025653548000000000e+09
-2.026464754000000000e+09
-2.030373547000000000e+09
-2.035574349000000000e+09
-2.036518601000000000e+09
-2.037800621000000000e+09
-2.038457848000000000e+09
-2.040084549000000000e+09
-2.040912360000000000e+09
-2.041285175000000000e+09
-2.044017979000000000e+09
-2.046203044000000000e+09
-2.046506608000000000e+09
-2.052394168000000000e+09
-2.055219954000000000e+09
-2.057877447000000000e+09
-2.063060728000000000e+09
-2.064040870000000000e+09
-2.073582947000000000e+09
-2.076991768000000000e+09
-2.084861744000000000e+09
-2.091599771000000000e+09
-2.105578497000000000e+09
-2.106545522000000000e+09
-2.108119751000000000e+09
-2.121239254000000000e+09
-2.141414378000000000e+09
-2.141424552000000000e+09
-2.142310899000000000e+09
-2.142706235000000000e+09
-2.147467550000000000e+09
