2.091242505000000000e+09
2.063645655000000000e+09
2.011235308000000000e+09
1.924639855000000000e+09
1.695309724000000000e+09
1.610253813000000000e+09
1.597885658000000000e+09
1.557589403000000000e+09
1.543329220000000000e+09
1.475331176000000000e+09
1.442591256000000000e+09
1.426083643000000000e+09
1.365973758000000000e+09
1.294334632000000000e+09
1.289025453000000000e+09
1.241600712000000000e+09
1.154321405000000000e+09
1.126025647000000000e+09
1.091857782000000000e+09
1.062863463000000000e+09
1.033865420000000000e+09
1.029217740000000000e+09
9.826980420000000000e+08
8.968727260000000000e+08
8.361471900000000000e+08
6.890372040000000000e+08
6.031467580000000000e+08
5.451537510000000000e+08
4.418953790000000000e+08
4.307024490000000000e+08
3.856875760000000000e+08
3.778754820000000000e+08
3.509427190000000000e+08
3.494693880000000000e+08
3.463077370000000000e+08
3.344510620000000000e+08
3.232092400000000000e+08
3.143024730000000000e+08
2.944044410000000000e+08
2.532725670000000000e+08
2.304482880000000000e+08
2.265038150000000000e+08
2.148092270000000000e+08
2.006392670000000000e+08
1.947462560000000000e+08
1.769670100000000000e+08
1.323838720000000000e+08
1.230796990000000000e+08
1.154843920000000000e+08
4.139732600000000000e+07
4.035907700000000000e+07
3.874862400000000000e+07
-3.384224000000000000e+07
-7.035898900000000000e+07
-1.417310580000000000e+08
-1.488755700000000000e+08
-1.793080230000000000e+08
-2.204048440000000000e+08
-3.044241070000000000e+08
-3.338168060000000000e+08
-3.602388750000000000e+08
-3.636932600000000000e+08
-4.139701790000000000e+08
-4.794586430000000000e+08
-5.133122640000000000e+08
-5.504764170000000000e+08
-5.753196680000000000e+08
-5.764570870000000000e+08
-6.047583000000000000e+08
-6.398555940000000000e+08
-6.715930940000000000e+08
-6.772962030000000000e+08
-6.812597130000000000e+08
-6.920773940000000000e+08
-6.988427170000000000e+08
-7.065493130000000000e+08
-7.927631240000000000e+08
-8.055761290000000000e+08
-8.333655700000000000e+08
-9.074033070000000000e+08
-9.471445250000000000e+08
-1.022921134000000000e+09
-1.025244765000000000e+09
-1.048723954000000000e+09
-1.087188760000000000e+09
-1.232050226000000000e+09
-1.254706705000000000e+09
-1.393951780000000000e+09
-1.403614682000000000e+09
-1.413919672000000000e+09
-1.447725371000000000e+09
-1.534955721000000000e+09
-1.550443214000000000e+09
-1.684021197000000000e+09
-1.760791699000000000e+09
-1.784259789000000000e+09
-1.797903443000000000e+09
-1.830904829000000000e+09
-1.940325264000000000e+09
-2.053919317000000000e+09
