-833365570
-947144525
1924639855
-1940325264
1294334632
836147190
-792763124
-1760791699
1289025453
41397326
-148875570
-1048723954
-698842717
323209240
1543329220
214809227
385687576
-1830904829
1557589403
-1797903443
1062863463
132383872
349469388
-1087188760
123079699
1126025647
-479458643
346307737
1029217740
-304424107
314302473
1610253813
689037204
-1447725371
-1534955721
-1784259789
-1550443214
441895379
226503815
-805576129
-413970179
1154321405
-1403614682
603146758
-2053919317
430702449
2063645655
-141731058
334451062
-1022921134
-33842240
-333816806
194746256
-363693260
1033865420
-1254706705
38748624
2091242505
-677296203
545153751
-1684021197
-575319668
-360238875
1695309724
115484392
2011235308
982698042
-692077394
1442591256
-70358989
-1393951780
-576457087
-1232050226
40359077
-513312264
-220404844
1426083643
377875482
294404441
-550476417
253272567
1365973758
-639855594
-179308023
1597885658
176967010
350942719
-671593094
1241600712
-604758300
1475331176
-681259713
-1413919672
-1025244765
-907403307
-706549313
1091857782
200639267
896872726
230448288
